 written on  7Oct2026 at 03:16:18 
           2
         405
    8    4    4    4    8    4    2    2    2    4    4    2    2    2    4
    4    2    2    2    4    4    2    2    2    4    4    2    2    2    4
    4    2    2    2    4    4    2    2    2    4    8    4    4    4    8
    4    2    2    2    4    2    1    1    1    2    2    1    1    1    2
    2    1    1    1    2    2    1    1    1    2    2    1    1    1    2
    2    1    1    1    2    2    1    1    1    2    4    2    2    2    4
    4    2    2    2    4    2    1    1    1    2    2    1    1    1    2
    2    1    1    1    2    2    1    1    1    2    2    1    1    1    2
    2    1    1    1    2    2    1    1    1    2    4    2    2    2    4
    4    2    2    2    4    2    1    1    1    2    2    1    1    1    2
    2    1    1    1    2    2    1    1    1    2    2    1    1    1    2
    2    1    1    1    2    2    1    1    1    2    4    2    2    2    4
    4    2    2    2    4    2    1    1    1    2    2    1    1    1    2
    2    1    1    1    2    2    1    1    1    2    2    1    1    1    2
    2    1    1    1    2    2    1    1    1    2    4    2    2    2    4
    4    2    2    2    4    2    1    1    1    2    2    1    1    1    2
    2    1    1    1    2    2    1    1    1    2    2    1    1    1    2
    2    1    1    1    2    2    1    1    1    2    4    2    2    2    4
    4    2    2    2    4    2    1    1    1    2    2    1    1    1    2
    2    1    1    1    2    2    1    1    1    2    2    1    1    1    2
    2    1    1    1    2    2    1    1    1    2    4    2    2    2    4
    4    2    2    2    4    2    1    1    1    2    2    1    1    1    2
    2    1    1    1    2    2    1    1    1    2    2    1    1    1    2
    2    1    1    1    2    2    1    1    1    2    4    2    2    2    4
    8    4    4    4    8    4    2    2    2    4    4    2    2    2    4
    4    2    2    2    4    4    2    2    2    4    4    2    2    2    4
    4    2    2    2    4    4    2    2    2    4    8    4    4    4    8
   -4   -4   -2    1    1   -0.000008   -0.000000
   -4   -4   -2    2    1   -0.000007   -0.000013
   -4   -4   -2    1    2   -0.000007    0.000013
   -4   -4   -2    2    2   -0.000012    0.000000
   -4   -4   -1    1    1    0.000025   -0.000000
   -4   -4   -1    2    1    0.000004    0.000000
   -4   -4   -1    1    2    0.000037   -0.000000
   -4   -4   -1    2    2    0.000016    0.000000
   -4   -4    0    1    1    0.000026    0.000000
   -4   -4    0    2    1   -0.000026   -0.000000
   -4   -4    0    1    2   -0.000026    0.000000
   -4   -4    0    2    2   -0.000117   -0.000000
   -4   -4    1    1    1    0.000025    0.000000
   -4   -4    1    2    1    0.000037    0.000000
   -4   -4    1    1    2    0.000004   -0.000000
   -4   -4    1    2    2    0.000016   -0.000000
   -4   -4    2    1    1   -0.000008   -0.000000
   -4   -4    2    2    1   -0.000007   -0.000013
   -4   -4    2    1    2   -0.000007    0.000013
   -4   -4    2    2    2   -0.000012    0.000000
   -4   -3   -2    1    1   -0.000023    0.000000
   -4   -3   -2    2    1   -0.000018    0.000002
   -4   -3   -2    1    2   -0.000018   -0.000002
   -4   -3   -2    2    2   -0.000020    0.000000
   -4   -3   -1    1    1    0.000066    0.000000
   -4   -3   -1    2    1    0.000042   -0.000000
   -4   -3   -1    1    2    0.000067    0.000000
   -4   -3   -1    2    2    0.000060   -0.000000
   -4   -3    0    1    1   -0.000096    0.000000
   -4   -3    0    2    1   -0.000020    0.000000
   -4   -3    0    1    2   -0.000020   -0.000000
   -4   -3    0    2    2    0.000097   -0.000000
   -4   -3    1    1    1    0.000066   -0.000000
   -4   -3    1    2    1    0.000067   -0.000000
   -4   -3    1    1    2    0.000042    0.000000
   -4   -3    1    2    2    0.000060    0.000000
   -4   -3    2    1    1   -0.000023    0.000000
   -4   -3    2    2    1   -0.000018    0.000002
   -4   -3    2    1    2   -0.000018   -0.000002
   -4   -3    2    2    2   -0.000020    0.000000
   -4   -2   -2    1    1   -0.000005    0.000000
   -4   -2   -2    2    1   -0.000007    0.000000
   -4   -2   -2    1    2   -0.000007   -0.000000
   -4   -2   -2    2    2   -0.000011   -0.000000
   -4   -2   -1    1    1    0.000000    0.000000
   -4   -2   -1    2    1    0.000016   -0.000000
   -4   -2   -1    1    2    0.000040   -0.000000
   -4   -2   -1    2    2    0.000040   -0.000000
   -4   -2    0    1    1   -0.000048   -0.000000
   -4   -2    0    2    1   -0.000042    0.000000
   -4   -2    0    1    2   -0.000042   -0.000000
   -4   -2    0    2    2   -0.000104    0.000000
   -4   -2    1    1    1    0.000000   -0.000000
   -4   -2    1    2    1    0.000040    0.000000
   -4   -2    1    1    2    0.000016    0.000000
   -4   -2    1    2    2    0.000040    0.000000
   -4   -2    2    1    1   -0.000005    0.000000
   -4   -2    2    2    1   -0.000007    0.000000
   -4   -2    2    1    2   -0.000007   -0.000000
   -4   -2    2    2    2   -0.000011   -0.000000
   -4   -1   -2    1    1   -0.000034   -0.000000
   -4   -1   -2    2    1   -0.000032    0.000000
   -4   -1   -2    1    2   -0.000032   -0.000000
   -4   -1   -2    2    2   -0.000032    0.000000
   -4   -1   -1    1    1    0.000066    0.000000
   -4   -1   -1    2    1    0.000070   -0.000000
   -4   -1   -1    1    2    0.000070    0.000000
   -4   -1   -1    2    2    0.000082   -0.000000
   -4   -1    0    1    1   -0.000141    0.000000
   -4   -1    0    2    1   -0.000097    0.000000
   -4   -1    0    1    2   -0.000097   -0.000000
   -4   -1    0    2    2    0.000020   -0.000000
   -4   -1    1    1    1    0.000066   -0.000000
   -4   -1    1    2    1    0.000070   -0.000000
   -4   -1    1    1    2    0.000070    0.000000
   -4   -1    1    2    2    0.000082    0.000000
   -4   -1    2    1    1   -0.000034   -0.000000
   -4   -1    2    2    1   -0.000032    0.000000
   -4   -1    2    1    2   -0.000032   -0.000000
   -4   -1    2    2    2   -0.000032    0.000000
   -4    0   -2    1    1    0.000009   -0.000000
   -4    0   -2    2    1   -0.000005    0.000000
   -4    0   -2    1    2   -0.000005   -0.000000
   -4    0   -2    2    2   -0.000012    0.000000
   -4    0   -1    1    1   -0.000058    0.000000
   -4    0   -1    2    1   -0.000022   -0.000000
   -4    0   -1    1    2   -0.000005    0.000000
   -4    0   -1    2    2    0.000000   -0.000000
   -4    0    0    1    1    0.000059    0.000000
   -4    0    0    2    1   -0.000025    0.000000
   -4    0    0    1    2   -0.000025   -0.000000
   -4    0    0    2    2   -0.000162    0.000000
   -4    0    1    1    1   -0.000058   -0.000000
   -4    0    1    2    1   -0.000005   -0.000000
   -4    0    1    1    2   -0.000022    0.000000
   -4    0    1    2    2    0.000000    0.000000
   -4    0    2    1    1    0.000009   -0.000000
   -4    0    2    2    1   -0.000005    0.000000
   -4    0    2    1    2   -0.000005   -0.000000
   -4    0    2    2    2   -0.000012    0.000000
   -4    1   -2    1    1   -0.000034    0.000000
   -4    1   -2    2    1   -0.000032    0.000000
   -4    1   -2    1    2   -0.000032   -0.000000
   -4    1   -2    2    2   -0.000032   -0.000000
   -4    1   -1    1    1    0.000066    0.000000
   -4    1   -1    2    1    0.000070   -0.000000
   -4    1   -1    1    2    0.000070    0.000000
   -4    1   -1    2    2    0.000082   -0.000000
   -4    1    0    1    1   -0.000141   -0.000000
   -4    1    0    2    1   -0.000097    0.000000
   -4    1    0    1    2   -0.000097   -0.000000
   -4    1    0    2    2    0.000020    0.000000
   -4    1    1    1    1    0.000066   -0.000000
   -4    1    1    2    1    0.000070   -0.000000
   -4    1    1    1    2    0.000070    0.000000
   -4    1    1    2    2    0.000082    0.000000
   -4    1    2    1    1   -0.000034    0.000000
   -4    1    2    2    1   -0.000032    0.000000
   -4    1    2    1    2   -0.000032   -0.000000
   -4    1    2    2    2   -0.000032   -0.000000
   -4    2   -2    1    1   -0.000005   -0.000000
   -4    2   -2    2    1   -0.000007    0.000000
   -4    2   -2    1    2   -0.000007   -0.000000
   -4    2   -2    2    2   -0.000011    0.000000
   -4    2   -1    1    1    0.000000    0.000000
   -4    2   -1    2    1    0.000016   -0.000000
   -4    2   -1    1    2    0.000040   -0.000000
   -4    2   -1    2    2    0.000040   -0.000000
   -4    2    0    1    1   -0.000048    0.000000
   -4    2    0    2    1   -0.000042    0.000000
   -4    2    0    1    2   -0.000042   -0.000000
   -4    2    0    2    2   -0.000104   -0.000000
   -4    2    1    1    1    0.000000   -0.000000
   -4    2    1    2    1    0.000040    0.000000
   -4    2    1    1    2    0.000016    0.000000
   -4    2    1    2    2    0.000040    0.000000
   -4    2    2    1    1   -0.000005   -0.000000
   -4    2    2    2    1   -0.000007    0.000000
   -4    2    2    1    2   -0.000007   -0.000000
   -4    2    2    2    2   -0.000011    0.000000
   -4    3   -2    1    1   -0.000023   -0.000000
   -4    3   -2    2    1   -0.000018    0.000002
   -4    3   -2    1    2   -0.000018   -0.000002
   -4    3   -2    2    2   -0.000020   -0.000000
   -4    3   -1    1    1    0.000066    0.000000
   -4    3   -1    2    1    0.000042   -0.000000
   -4    3   -1    1    2    0.000067    0.000000
   -4    3   -1    2    2    0.000060   -0.000000
   -4    3    0    1    1   -0.000096   -0.000000
   -4    3    0    2    1   -0.000020    0.000000
   -4    3    0    1    2   -0.000020   -0.000000
   -4    3    0    2    2    0.000097    0.000000
   -4    3    1    1    1    0.000066   -0.000000
   -4    3    1    2    1    0.000067   -0.000000
   -4    3    1    1    2    0.000042    0.000000
   -4    3    1    2    2    0.000060    0.000000
   -4    3    2    1    1   -0.000023   -0.000000
   -4    3    2    2    1   -0.000018    0.000002
   -4    3    2    1    2   -0.000018   -0.000002
   -4    3    2    2    2   -0.000020   -0.000000
   -4    4   -2    1    1   -0.000008   -0.000000
   -4    4   -2    2    1   -0.000007   -0.000013
   -4    4   -2    1    2   -0.000007    0.000013
   -4    4   -2    2    2   -0.000012    0.000000
   -4    4   -1    1    1    0.000025   -0.000000
   -4    4   -1    2    1    0.000004    0.000000
   -4    4   -1    1    2    0.000037   -0.000000
   -4    4   -1    2    2    0.000016    0.000000
   -4    4    0    1    1    0.000026    0.000000
   -4    4    0    2    1   -0.000026   -0.000000
   -4    4    0    1    2   -0.000026    0.000000
   -4    4    0    2    2   -0.000117   -0.000000
   -4    4    1    1    1    0.000025    0.000000
   -4    4    1    2    1    0.000037    0.000000
   -4    4    1    1    2    0.000004   -0.000000
   -4    4    1    2    2    0.000016   -0.000000
   -4    4    2    1    1   -0.000008   -0.000000
   -4    4    2    2    1   -0.000007   -0.000013
   -4    4    2    1    2   -0.000007    0.000013
   -4    4    2    2    2   -0.000012    0.000000
   -3   -4   -2    1    1   -0.000007   -0.000000
   -3   -4   -2    2    1   -0.000009   -0.000001
   -3   -4   -2    1    2   -0.000009    0.000001
   -3   -4   -2    2    2   -0.000010    0.000000
   -3   -4   -1    1    1    0.000030    0.000000
   -3   -4   -1    2    1    0.000009   -0.000000
   -3   -4   -1    1    2    0.000034    0.000000
   -3   -4   -1    2    2    0.000028   -0.000000
   -3   -4    0    1    1   -0.000055    0.000000
   -3   -4    0    2    1   -0.000009    0.000000
   -3   -4    0    1    2   -0.000009   -0.000000
   -3   -4    0    2    2    0.000095   -0.000000
   -3   -4    1    1    1    0.000030   -0.000000
   -3   -4    1    2    1    0.000034   -0.000000
   -3   -4    1    1    2    0.000009    0.000000
   -3   -4    1    2    2    0.000028    0.000000
   -3   -4    2    1    1   -0.000007   -0.000000
   -3   -4    2    2    1   -0.000009   -0.000001
   -3   -4    2    1    2   -0.000009    0.000001
   -3   -4    2    2    2   -0.000010    0.000000
   -3   -3   -2    1    1   -0.000010    0.000000
   -3   -3   -2    2    1   -0.000004    0.000000
   -3   -3   -2    1    2   -0.000004   -0.000000
   -3   -3   -2    2    2    0.000006   -0.000000
   -3   -3   -1    1    1    0.000009    0.000000
   -3   -3   -1    2    1    0.000010    0.000000
   -3   -3   -1    1    2    0.000041   -0.000000
   -3   -3   -1    2    2    0.000030   -0.000000
   -3   -3    0    1    1   -0.000013   -0.000000
   -3   -3    0    2    1   -0.000047    0.000000
   -3   -3    0    1    2   -0.000047   -0.000000
   -3   -3    0    2    2   -0.000127    0.000000
   -3   -3    1    1    1    0.000009   -0.000000
   -3   -3    1    2    1    0.000041    0.000000
   -3   -3    1    1    2    0.000010   -0.000000
   -3   -3    1    2    2    0.000030    0.000000
   -3   -3    2    1    1   -0.000010    0.000000
   -3   -3    2    2    1   -0.000004    0.000000
   -3   -3    2    1    2   -0.000004   -0.000000
   -3   -3    2    2    2    0.000006   -0.000000
   -3   -2   -2    1    1   -0.000016   -0.000000
   -3   -2   -2    2    1   -0.000010    0.000000
   -3   -2   -2    1    2   -0.000010   -0.000000
   -3   -2   -2    2    2   -0.000009    0.000000
   -3   -2   -1    1    1    0.000047    0.000000
   -3   -2   -1    2    1    0.000021   -0.000000
   -3   -2   -1    1    2    0.000063    0.000000
   -3   -2   -1    2    2    0.000049   -0.000000
   -3   -2    0    1    1   -0.000146    0.000000
   -3   -2    0    2    1   -0.000121    0.000000
   -3   -2    0    1    2   -0.000121   -0.000000
   -3   -2    0    2    2   -0.000065   -0.000000
   -3   -2    1    1    1    0.000047   -0.000000
   -3   -2    1    2    1    0.000063   -0.000000
   -3   -2    1    1    2    0.000021    0.000000
   -3   -2    1    2    2    0.000049    0.000000
   -3   -2    2    1    1   -0.000016   -0.000000
   -3   -2    2    2    1   -0.000010    0.000000
   -3   -2    2    1    2   -0.000010   -0.000000
   -3   -2    2    2    2   -0.000009    0.000000
   -3   -1   -2    1    1    0.000011    0.000000
   -3   -1   -2    2    1   -0.000005    0.000000
   -3   -1   -2    1    2   -0.000005   -0.000000
   -3   -1   -2    2    2   -0.000015   -0.000000
   -3   -1   -1    1    1   -0.000020    0.000000
   -3   -1   -1    2    1    0.000016   -0.000000
   -3   -1   -1    1    2    0.000028    0.000000
   -3   -1   -1    2    2    0.000053   -0.000000
   -3   -1    0    1    1   -0.000075   -0.000000
   -3   -1    0    2    1   -0.000031    0.000000
   -3   -1    0    1    2   -0.000031   -0.000000
   -3   -1    0    2    2   -0.000035   -0.000000
   -3   -1    1    1    1   -0.000020   -0.000000
   -3   -1    1    2    1    0.000028   -0.000000
   -3   -1    1    1    2    0.000016    0.000000
   -3   -1    1    2    2    0.000053    0.000000
   -3   -1    2    1    1    0.000011    0.000000
   -3   -1    2    2    1   -0.000005    0.000000
   -3   -1    2    1    2   -0.000005   -0.000000
   -3   -1    2    2    2   -0.000015   -0.000000
   -3    0   -2    1    1   -0.000029   -0.000000
   -3    0   -2    2    1   -0.000014    0.000000
   -3    0   -2    1    2   -0.000014   -0.000000
   -3    0   -2    2    2   -0.000009    0.000000
   -3    0   -1    1    1    0.000008    0.000000
   -3    0   -1    2    1   -0.000005   -0.000000
   -3    0   -1    1    2   -0.000051    0.000000
   -3    0   -1    2    2   -0.000028   -0.000000
   -3    0    0    1    1   -0.000326    0.000000
   -3    0    0    2    1   -0.000363    0.000000
   -3    0    0    1    2   -0.000363   -0.000000
   -3    0    0    2    2   -0.000448    0.000000
   -3    0    1    1    1    0.000008   -0.000000
   -3    0    1    2    1   -0.000051   -0.000000
   -3    0    1    1    2   -0.000005    0.000000
   -3    0    1    2    2   -0.000028    0.000000
   -3    0    2    1    1   -0.000029   -0.000000
   -3    0    2    2    1   -0.000014    0.000000
   -3    0    2    1    2   -0.000014   -0.000000
   -3    0    2    2    2   -0.000009    0.000000
   -3    1   -2    1    1    0.000011   -0.000000
   -3    1   -2    2    1   -0.000005    0.000000
   -3    1   -2    1    2   -0.000005   -0.000000
   -3    1   -2    2    2   -0.000015    0.000000
   -3    1   -1    1    1   -0.000020    0.000000
   -3    1   -1    2    1    0.000016   -0.000000
   -3    1   -1    1    2    0.000028    0.000000
   -3    1   -1    2    2    0.000053   -0.000000
   -3    1    0    1    1   -0.000075    0.000000
   -3    1    0    2    1   -0.000031    0.000000
   -3    1    0    1    2   -0.000031   -0.000000
   -3    1    0    2    2   -0.000035    0.000000
   -3    1    1    1    1   -0.000020   -0.000000
   -3    1    1    2    1    0.000028   -0.000000
   -3    1    1    1    2    0.000016    0.000000
   -3    1    1    2    2    0.000053    0.000000
   -3    1    2    1    1    0.000011   -0.000000
   -3    1    2    2    1   -0.000005    0.000000
   -3    1    2    1    2   -0.000005   -0.000000
   -3    1    2    2    2   -0.000015    0.000000
   -3    2   -2    1    1   -0.000016   -0.000000
   -3    2   -2    2    1   -0.000010    0.000000
   -3    2   -2    1    2   -0.000010   -0.000000
   -3    2   -2    2    2   -0.000009    0.000000
   -3    2   -1    1    1    0.000047    0.000000
   -3    2   -1    2    1    0.000021   -0.000000
   -3    2   -1    1    2    0.000063    0.000000
   -3    2   -1    2    2    0.000049   -0.000000
   -3    2    0    1    1   -0.000146   -0.000000
   -3    2    0    2    1   -0.000121    0.000000
   -3    2    0    1    2   -0.000121   -0.000000
   -3    2    0    2    2   -0.000065    0.000000
   -3    2    1    1    1    0.000047   -0.000000
   -3    2    1    2    1    0.000063   -0.000000
   -3    2    1    1    2    0.000021    0.000000
   -3    2    1    2    2    0.000049    0.000000
   -3    2    2    1    1   -0.000016   -0.000000
   -3    2    2    2    1   -0.000010    0.000000
   -3    2    2    1    2   -0.000010   -0.000000
   -3    2    2    2    2   -0.000009    0.000000
   -3    3   -2    1    1   -0.000010    0.000000
   -3    3   -2    2    1   -0.000004    0.000000
   -3    3   -2    1    2   -0.000004   -0.000000
   -3    3   -2    2    2    0.000006   -0.000000
   -3    3   -1    1    1    0.000009    0.000000
   -3    3   -1    2    1    0.000010    0.000000
   -3    3   -1    1    2    0.000041   -0.000000
   -3    3   -1    2    2    0.000030   -0.000000
   -3    3    0    1    1   -0.000013   -0.000000
   -3    3    0    2    1   -0.000047    0.000000
   -3    3    0    1    2   -0.000047   -0.000000
   -3    3    0    2    2   -0.000127    0.000000
   -3    3    1    1    1    0.000009   -0.000000
   -3    3    1    2    1    0.000041    0.000000
   -3    3    1    1    2    0.000010   -0.000000
   -3    3    1    2    2    0.000030    0.000000
   -3    3    2    1    1   -0.000010    0.000000
   -3    3    2    2    1   -0.000004    0.000000
   -3    3    2    1    2   -0.000004   -0.000000
   -3    3    2    2    2    0.000006   -0.000000
   -3    4   -2    1    1   -0.000007   -0.000000
   -3    4   -2    2    1   -0.000009   -0.000001
   -3    4   -2    1    2   -0.000009    0.000001
   -3    4   -2    2    2   -0.000010    0.000000
   -3    4   -1    1    1    0.000030    0.000000
   -3    4   -1    2    1    0.000009   -0.000000
   -3    4   -1    1    2    0.000034    0.000000
   -3    4   -1    2    2    0.000028   -0.000000
   -3    4    0    1    1   -0.000055    0.000000
   -3    4    0    2    1   -0.000009    0.000000
   -3    4    0    1    2   -0.000009   -0.000000
   -3    4    0    2    2    0.000095   -0.000000
   -3    4    1    1    1    0.000030   -0.000000
   -3    4    1    2    1    0.000034   -0.000000
   -3    4    1    1    2    0.000009    0.000000
   -3    4    1    2    2    0.000028    0.000000
   -3    4    2    1    1   -0.000007   -0.000000
   -3    4    2    2    1   -0.000009   -0.000001
   -3    4    2    1    2   -0.000009    0.000001
   -3    4    2    2    2   -0.000010    0.000000
   -2   -4   -2    1    1   -0.000001   -0.000000
   -2   -4   -2    2    1   -0.000001    0.000000
   -2   -4   -2    1    2   -0.000001   -0.000000
   -2   -4   -2    2    2    0.000009    0.000000
   -2   -4   -1    1    1    0.000008    0.000000
   -2   -4   -1    2    1   -0.000008   -0.000000
   -2   -4   -1    1    2    0.000011    0.000000
   -2   -4   -1    2    2   -0.000025   -0.000000
   -2   -4    0    1    1    0.000018   -0.000000
   -2   -4    0    2    1   -0.000029    0.000000
   -2   -4    0    1    2   -0.000029   -0.000000
   -2   -4    0    2    2   -0.000168    0.000000
   -2   -4    1    1    1    0.000008   -0.000000
   -2   -4    1    2    1    0.000011   -0.000000
   -2   -4    1    1    2   -0.000008    0.000000
   -2   -4    1    2    2   -0.000025    0.000000
   -2   -4    2    1    1   -0.000001   -0.000000
   -2   -4    2    2    1   -0.000001    0.000000
   -2   -4    2    1    2   -0.000001   -0.000000
   -2   -4    2    2    2    0.000009    0.000000
   -2   -3   -2    1    1    0.000016    0.000000
   -2   -3   -2    2    1    0.000021   -0.000000
   -2   -3   -2    1    2    0.000021    0.000000
   -2   -3   -2    2    2    0.000022   -0.000000
   -2   -3   -1    1    1   -0.000044   -0.000000
   -2   -3   -1    2    1   -0.000046   -0.000000
   -2   -3   -1    1    2   -0.000025    0.000000
   -2   -3   -1    2    2   -0.000016    0.000000
   -2   -3    0    1    1    0.000006    0.000000
   -2   -3    0    2    1   -0.000058    0.000000
   -2   -3    0    1    2   -0.000058   -0.000000
   -2   -3    0    2    2   -0.000076   -0.000000
   -2   -3    1    1    1   -0.000044    0.000000
   -2   -3    1    2    1   -0.000025   -0.000000
   -2   -3    1    1    2   -0.000046    0.000000
   -2   -3    1    2    2   -0.000016   -0.000000
   -2   -3    2    1    1    0.000016    0.000000
   -2   -3    2    2    1    0.000021   -0.000000
   -2   -3    2    1    2    0.000021    0.000000
   -2   -3    2    2    2    0.000022   -0.000000
   -2   -2   -2    1    1   -0.000004   -0.000000
   -2   -2   -2    2    1   -0.000005   -0.000000
   -2   -2   -2    1    2   -0.000005    0.000000
   -2   -2   -2    2    2    0.000010    0.000000
   -2   -2   -1    1    1    0.000012   -0.000000
   -2   -2   -1    2    1   -0.000001   -0.000000
   -2   -2   -1    1    2    0.000042    0.000000
   -2   -2   -1    2    2    0.000028    0.000000
   -2   -2    0    1    1   -0.000740   -0.000000
   -2   -2    0    2    1   -0.000249    0.000000
   -2   -2    0    1    2   -0.000249   -0.000000
   -2   -2    0    2    2   -0.000127    0.000000
   -2   -2    1    1    1    0.000012    0.000000
   -2   -2    1    2    1    0.000042   -0.000000
   -2   -2    1    1    2   -0.000001    0.000000
   -2   -2    1    2    2    0.000028   -0.000000
   -2   -2    2    1    1   -0.000004   -0.000000
   -2   -2    2    2    1   -0.000005   -0.000000
   -2   -2    2    1    2   -0.000005    0.000000
   -2   -2    2    2    2    0.000010    0.000000
   -2   -1   -2    1    1    0.000022    0.000000
   -2   -1   -2    2    1    0.000036   -0.000000
   -2   -1   -2    1    2    0.000036    0.000000
   -2   -1   -2    2    2    0.000030   -0.000000
   -2   -1   -1    1    1   -0.000146   -0.000000
   -2   -1   -1    2    1   -0.000099   -0.000000
   -2   -1   -1    1    2   -0.000131    0.000000
   -2   -1   -1    2    2   -0.000102    0.000000
   -2   -1    0    1    1   -0.001355   -0.000000
   -2   -1    0    2    1   -0.002020    0.000000
   -2   -1    0    1    2   -0.002020   -0.000000
   -2   -1    0    2    2   -0.002429   -0.000000
   -2   -1    1    1    1   -0.000146    0.000000
   -2   -1    1    2    1   -0.000131   -0.000000
   -2   -1    1    1    2   -0.000099    0.000000
   -2   -1    1    2    2   -0.000102   -0.000000
   -2   -1    2    1    1    0.000022    0.000000
   -2   -1    2    2    1    0.000036   -0.000000
   -2   -1    2    1    2    0.000036    0.000000
   -2   -1    2    2    2    0.000030   -0.000000
   -2    0   -2    1    1   -0.000024    0.000000
   -2    0   -2    2    1   -0.000015   -0.000000
   -2    0   -2    1    2   -0.000015    0.000000
   -2    0   -2    2    2    0.000013   -0.000000
   -2    0   -1    1    1    0.000075    0.000000
   -2    0   -1    2    1    0.000080   -0.000000
   -2    0   -1    1    2    0.000044    0.000000
   -2    0   -1    2    2   -0.000118   -0.000000
   -2    0    0    1    1    0.001376   -0.000000
   -2    0    0    2    1    0.002605    0.000000
   -2    0    0    1    2    0.002605   -0.000000
   -2    0    0    2    2    0.001771    0.000000
   -2    0    1    1    1    0.000075   -0.000000
   -2    0    1    2    1    0.000044   -0.000000
   -2    0    1    1    2    0.000080    0.000000
   -2    0    1    2    2   -0.000118    0.000000
   -2    0    2    1    1   -0.000024    0.000000
   -2    0    2    2    1   -0.000015   -0.000000
   -2    0    2    1    2   -0.000015    0.000000
   -2    0    2    2    2    0.000013   -0.000000
   -2    1   -2    1    1    0.000022   -0.000000
   -2    1   -2    2    1    0.000036   -0.000000
   -2    1   -2    1    2    0.000036    0.000000
   -2    1   -2    2    2    0.000030    0.000000
   -2    1   -1    1    1   -0.000146   -0.000000
   -2    1   -1    2    1   -0.000099   -0.000000
   -2    1   -1    1    2   -0.000131    0.000000
   -2    1   -1    2    2   -0.000102    0.000000
   -2    1    0    1    1   -0.001355    0.000000
   -2    1    0    2    1   -0.002020    0.000000
   -2    1    0    1    2   -0.002020   -0.000000
   -2    1    0    2    2   -0.002429    0.000000
   -2    1    1    1    1   -0.000146    0.000000
   -2    1    1    2    1   -0.000131   -0.000000
   -2    1    1    1    2   -0.000099    0.000000
   -2    1    1    2    2   -0.000102   -0.000000
   -2    1    2    1    1    0.000022   -0.000000
   -2    1    2    2    1    0.000036   -0.000000
   -2    1    2    1    2    0.000036    0.000000
   -2    1    2    2    2    0.000030    0.000000
   -2    2   -2    1    1   -0.000004    0.000000
   -2    2   -2    2    1   -0.000005   -0.000000
   -2    2   -2    1    2   -0.000005    0.000000
   -2    2   -2    2    2    0.000010   -0.000000
   -2    2   -1    1    1    0.000012   -0.000000
   -2    2   -1    2    1   -0.000001   -0.000000
   -2    2   -1    1    2    0.000042    0.000000
   -2    2   -1    2    2    0.000028    0.000000
   -2    2    0    1    1   -0.000740   -0.000000
   -2    2    0    2    1   -0.000249    0.000000
   -2    2    0    1    2   -0.000249   -0.000000
   -2    2    0    2    2   -0.000127    0.000000
   -2    2    1    1    1    0.000012    0.000000
   -2    2    1    2    1    0.000042   -0.000000
   -2    2    1    1    2   -0.000001    0.000000
   -2    2    1    2    2    0.000028   -0.000000
   -2    2    2    1    1   -0.000004    0.000000
   -2    2    2    2    1   -0.000005   -0.000000
   -2    2    2    1    2   -0.000005    0.000000
   -2    2    2    2    2    0.000010   -0.000000
   -2    3   -2    1    1    0.000016    0.000000
   -2    3   -2    2    1    0.000021   -0.000000
   -2    3   -2    1    2    0.000021    0.000000
   -2    3   -2    2    2    0.000022   -0.000000
   -2    3   -1    1    1   -0.000044   -0.000000
   -2    3   -1    2    1   -0.000046   -0.000000
   -2    3   -1    1    2   -0.000025    0.000000
   -2    3   -1    2    2   -0.000016    0.000000
   -2    3    0    1    1    0.000006    0.000000
   -2    3    0    2    1   -0.000058    0.000000
   -2    3    0    1    2   -0.000058   -0.000000
   -2    3    0    2    2   -0.000076   -0.000000
   -2    3    1    1    1   -0.000044    0.000000
   -2    3    1    2    1   -0.000025   -0.000000
   -2    3    1    1    2   -0.000046    0.000000
   -2    3    1    2    2   -0.000016   -0.000000
   -2    3    2    1    1    0.000016    0.000000
   -2    3    2    2    1    0.000021   -0.000000
   -2    3    2    1    2    0.000021    0.000000
   -2    3    2    2    2    0.000022   -0.000000
   -2    4   -2    1    1   -0.000001   -0.000000
   -2    4   -2    2    1   -0.000001    0.000000
   -2    4   -2    1    2   -0.000001   -0.000000
   -2    4   -2    2    2    0.000009    0.000000
   -2    4   -1    1    1    0.000008    0.000000
   -2    4   -1    2    1   -0.000008   -0.000000
   -2    4   -1    1    2    0.000011    0.000000
   -2    4   -1    2    2   -0.000025   -0.000000
   -2    4    0    1    1    0.000018   -0.000000
   -2    4    0    2    1   -0.000029    0.000000
   -2    4    0    1    2   -0.000029   -0.000000
   -2    4    0    2    2   -0.000168    0.000000
   -2    4    1    1    1    0.000008   -0.000000
   -2    4    1    2    1    0.000011   -0.000000
   -2    4    1    1    2   -0.000008    0.000000
   -2    4    1    2    2   -0.000025    0.000000
   -2    4    2    1    1   -0.000001   -0.000000
   -2    4    2    2    1   -0.000001    0.000000
   -2    4    2    1    2   -0.000001   -0.000000
   -2    4    2    2    2    0.000009    0.000000
   -1   -4   -2    1    1    0.000012   -0.000000
   -1   -4   -2    2    1    0.000015   -0.000000
   -1   -4   -2    1    2    0.000015    0.000000
   -1   -4   -2    2    2    0.000011   -0.000000
   -1   -4   -1    1    1   -0.000049   -0.000000
   -1   -4   -1    2    1   -0.000034   -0.000000
   -1   -4   -1    1    2   -0.000078   -0.000000
   -1   -4   -1    2    2   -0.000068    0.000000
   -1   -4    0    1    1   -0.000147    0.000000
   -1   -4    0    2    1    0.000570   -0.000000
   -1   -4    0    1    2    0.000570    0.000000
   -1   -4    0    2    2   -0.000475   -0.000000
   -1   -4    1    1    1   -0.000049    0.000000
   -1   -4    1    2    1   -0.000078    0.000000
   -1   -4    1    1    2   -0.000034    0.000000
   -1   -4    1    2    2   -0.000068   -0.000000
   -1   -4    2    1    1    0.000012   -0.000000
   -1   -4    2    2    1    0.000015   -0.000000
   -1   -4    2    1    2    0.000015    0.000000
   -1   -4    2    2    2    0.000011   -0.000000
   -1   -3   -2    1    1    0.000001    0.000000
   -1   -3   -2    2    1    0.000004   -0.000000
   -1   -3   -2    1    2    0.000004    0.000000
   -1   -3   -2    2    2    0.000030   -0.000000
   -1   -3   -1    1    1   -0.000043   -0.000000
   -1   -3   -1    2    1   -0.000013    0.000000
   -1   -3   -1    1    2   -0.000044   -0.000000
   -1   -3   -1    2    2   -0.000116    0.000000
   -1   -3    0    1    1   -0.000638   -0.000000
   -1   -3    0    2    1    0.000864   -0.000000
   -1   -3    0    1    2    0.000864    0.000000
   -1   -3    0    2    2   -0.000400    0.000000
   -1   -3    1    1    1   -0.000043    0.000000
   -1   -3    1    2    1   -0.000044    0.000000
   -1   -3    1    1    2   -0.000013   -0.000000
   -1   -3    1    2    2   -0.000116   -0.000000
   -1   -3    2    1    1    0.000001    0.000000
   -1   -3    2    2    1    0.000004   -0.000000
   -1   -3    2    1    2    0.000004    0.000000
   -1   -3    2    2    2    0.000030   -0.000000
   -1   -2   -2    1    1    0.000010   -0.000000
   -1   -2   -2    2    1    0.000027   -0.000000
   -1   -2   -2    1    2    0.000027    0.000000
   -1   -2   -2    2    2    0.000009    0.000000
   -1   -2   -1    1    1    0.000039   -0.000000
   -1   -2   -1    2    1   -0.000172    0.000000
   -1   -2   -1    1    2   -0.000284   -0.000000
   -1   -2   -1    2    2    0.000038    0.000000
   -1   -2    0    1    1   -0.002782    0.000000
   -1   -2    0    2    1    0.002276   -0.000000
   -1   -2    0    1    2    0.002276    0.000000
   -1   -2    0    2    2    0.000975    0.000000
   -1   -2    1    1    1    0.000039    0.000000
   -1   -2    1    2    1   -0.000284    0.000000
   -1   -2    1    1    2   -0.000172   -0.000000
   -1   -2    1    2    2    0.000038   -0.000000
   -1   -2    2    1    1    0.000010   -0.000000
   -1   -2    2    2    1    0.000027   -0.000000
   -1   -2    2    1    2    0.000027    0.000000
   -1   -2    2    2    2    0.000009    0.000000
   -1   -1   -2    1    1    0.000012   -0.000000
   -1   -1   -2    2    1   -0.000006   -0.000000
   -1   -1   -2    1    2   -0.000006    0.000000
   -1   -1   -2    2    2    0.000040    0.000000
   -1   -1   -1    1    1   -0.000607   -0.000000
   -1   -1   -1    2    1    0.000495    0.000000
   -1   -1   -1    1    2    0.000278   -0.000000
   -1   -1   -1    2    2   -0.000584    0.000000
   -1   -1    0    1    1   -0.014828    0.000000
   -1   -1    0    2    1    0.010953   -0.000000
   -1   -1    0    1    2    0.010953    0.000000
   -1   -1    0    2    2    0.009407   -0.000000
   -1   -1    1    1    1   -0.000607    0.000000
   -1   -1    1    2    1    0.000278    0.000000
   -1   -1    1    1    2    0.000495   -0.000000
   -1   -1    1    2    2   -0.000584   -0.000000
   -1   -1    2    1    1    0.000012   -0.000000
   -1   -1    2    2    1   -0.000006   -0.000000
   -1   -1    2    1    2   -0.000006    0.000000
   -1   -1    2    2    2    0.000040    0.000000
   -1    0   -2    1    1    0.000010    0.000000
   -1    0   -2    2    1    0.000042   -0.000000
   -1    0   -2    1    2    0.000042    0.000000
   -1    0   -2    2    2   -0.000004    0.000000
   -1    0   -1    1    1    0.001005   -0.000000
   -1    0   -1    2    1   -0.000694    0.000000
   -1    0   -1    1    2   -0.000872   -0.000000
   -1    0   -1    2    2    0.000309    0.000000
   -1    0    0    1    1   -0.084884    0.000000
   -1    0    0    2    1   -0.075325   -0.000000
   -1    0    0    1    2   -0.075325    0.000000
   -1    0    0    2    2   -0.040488    0.000000
   -1    0    1    1    1    0.001005    0.000000
   -1    0    1    2    1   -0.000872    0.000000
   -1    0    1    1    2   -0.000694   -0.000000
   -1    0    1    2    2    0.000309   -0.000000
   -1    0    2    1    1    0.000010    0.000000
   -1    0    2    2    1    0.000042   -0.000000
   -1    0    2    1    2    0.000042    0.000000
   -1    0    2    2    2   -0.000004    0.000000
   -1    1   -2    1    1    0.000012   -0.000000
   -1    1   -2    2    1   -0.000006   -0.000000
   -1    1   -2    1    2   -0.000006    0.000000
   -1    1   -2    2    2    0.000040    0.000000
   -1    1   -1    1    1   -0.000607   -0.000000
   -1    1   -1    2    1    0.000495    0.000000
   -1    1   -1    1    2    0.000278   -0.000000
   -1    1   -1    2    2   -0.000584    0.000000
   -1    1    0    1    1   -0.014828   -0.000000
   -1    1    0    2    1    0.010953   -0.000000
   -1    1    0    1    2    0.010953    0.000000
   -1    1    0    2    2    0.009407   -0.000000
   -1    1    1    1    1   -0.000607    0.000000
   -1    1    1    2    1    0.000278    0.000000
   -1    1    1    1    2    0.000495   -0.000000
   -1    1    1    2    2   -0.000584   -0.000000
   -1    1    2    1    1    0.000012   -0.000000
   -1    1    2    2    1   -0.000006   -0.000000
   -1    1    2    1    2   -0.000006    0.000000
   -1    1    2    2    2    0.000040    0.000000
   -1    2   -2    1    1    0.000010    0.000000
   -1    2   -2    2    1    0.000027   -0.000000
   -1    2   -2    1    2    0.000027    0.000000
   -1    2   -2    2    2    0.000009   -0.000000
   -1    2   -1    1    1    0.000039   -0.000000
   -1    2   -1    2    1   -0.000172    0.000000
   -1    2   -1    1    2   -0.000284   -0.000000
   -1    2   -1    2    2    0.000038    0.000000
   -1    2    0    1    1   -0.002782   -0.000000
   -1    2    0    2    1    0.002276   -0.000000
   -1    2    0    1    2    0.002276    0.000000
   -1    2    0    2    2    0.000975    0.000000
   -1    2    1    1    1    0.000039    0.000000
   -1    2    1    2    1   -0.000284    0.000000
   -1    2    1    1    2   -0.000172   -0.000000
   -1    2    1    2    2    0.000038   -0.000000
   -1    2    2    1    1    0.000010    0.000000
   -1    2    2    2    1    0.000027   -0.000000
   -1    2    2    1    2    0.000027    0.000000
   -1    2    2    2    2    0.000009   -0.000000
   -1    3   -2    1    1    0.000001    0.000000
   -1    3   -2    2    1    0.000004   -0.000000
   -1    3   -2    1    2    0.000004    0.000000
   -1    3   -2    2    2    0.000030   -0.000000
   -1    3   -1    1    1   -0.000043   -0.000000
   -1    3   -1    2    1   -0.000013    0.000000
   -1    3   -1    1    2   -0.000044   -0.000000
   -1    3   -1    2    2   -0.000116    0.000000
   -1    3    0    1    1   -0.000638   -0.000000
   -1    3    0    2    1    0.000864   -0.000000
   -1    3    0    1    2    0.000864    0.000000
   -1    3    0    2    2   -0.000400   -0.000000
   -1    3    1    1    1   -0.000043    0.000000
   -1    3    1    2    1   -0.000044    0.000000
   -1    3    1    1    2   -0.000013   -0.000000
   -1    3    1    2    2   -0.000116   -0.000000
   -1    3    2    1    1    0.000001    0.000000
   -1    3    2    2    1    0.000004   -0.000000
   -1    3    2    1    2    0.000004    0.000000
   -1    3    2    2    2    0.000030   -0.000000
   -1    4   -2    1    1    0.000012   -0.000000
   -1    4   -2    2    1    0.000015   -0.000000
   -1    4   -2    1    2    0.000015    0.000000
   -1    4   -2    2    2    0.000011   -0.000000
   -1    4   -1    1    1   -0.000049   -0.000000
   -1    4   -1    2    1   -0.000034   -0.000000
   -1    4   -1    1    2   -0.000078   -0.000000
   -1    4   -1    2    2   -0.000068    0.000000
   -1    4    0    1    1   -0.000147    0.000000
   -1    4    0    2    1    0.000570   -0.000000
   -1    4    0    1    2    0.000570    0.000000
   -1    4    0    2    2   -0.000475   -0.000000
   -1    4    1    1    1   -0.000049    0.000000
   -1    4    1    2    1   -0.000078    0.000000
   -1    4    1    1    2   -0.000034    0.000000
   -1    4    1    2    2   -0.000068   -0.000000
   -1    4    2    1    1    0.000012   -0.000000
   -1    4    2    2    1    0.000015   -0.000000
   -1    4    2    1    2    0.000015    0.000000
   -1    4    2    2    2    0.000011   -0.000000
    0   -4   -2    1    1    0.000015    0.000000
    0   -4   -2    2    1    0.000016   -0.000000
    0   -4   -2    1    2    0.000016    0.000000
    0   -4   -2    2    2    0.000030   -0.000000
    0   -4   -1    1    1   -0.000046   -0.000000
    0   -4   -1    2    1   -0.000013    0.000000
    0   -4   -1    1    2   -0.000119   -0.000000
    0   -4   -1    2    2   -0.000150    0.000000
    0   -4    0    1    1   -0.001309    0.000000
    0   -4    0    2    1    0.003914   -0.000000
    0   -4    0    1    2    0.003914    0.000000
    0   -4    0    2    2   -0.007430    0.000000
    0   -4    1    1    1   -0.000046    0.000000
    0   -4    1    2    1   -0.000119    0.000000
    0   -4    1    1    2   -0.000013   -0.000000
    0   -4    1    2    2   -0.000150   -0.000000
    0   -4    2    1    1    0.000015    0.000000
    0   -4    2    2    1    0.000016   -0.000000
    0   -4    2    1    2    0.000016    0.000000
    0   -4    2    2    2    0.000030   -0.000000
    0   -3   -2    1    1   -0.000018   -0.000000
    0   -3   -2    2    1    0.000005   -0.000000
    0   -3   -2    1    2    0.000005    0.000000
    0   -3   -2    2    2   -0.000011    0.000000
    0   -3   -1    1    1    0.000007   -0.000000
    0   -3   -1    2    1   -0.000065    0.000000
    0   -3   -1    1    2   -0.000166   -0.000000
    0   -3   -1    2    2   -0.000004    0.000000
    0   -3    0    1    1   -0.002985    0.000000
    0   -3    0    2    1    0.006848   -0.000000
    0   -3    0    1    2    0.006848    0.000000
    0   -3    0    2    2   -0.013130   -0.000000
    0   -3    1    1    1    0.000007    0.000000
    0   -3    1    2    1   -0.000166    0.000000
    0   -3    1    1    2   -0.000065   -0.000000
    0   -3    1    2    2   -0.000004   -0.000000
    0   -3    2    1    1   -0.000018   -0.000000
    0   -3    2    2    1    0.000005   -0.000000
    0   -3    2    1    2    0.000005    0.000000
    0   -3    2    2    2   -0.000011    0.000000
    0   -2   -2    1    1    0.000056   -0.000000
    0   -2   -2    2    1    0.000014   -0.000000
    0   -2   -2    1    2    0.000014    0.000000
    0   -2   -2    2    2    0.000031   -0.000000
    0   -2   -1    1    1   -0.000279   -0.000000
    0   -2   -1    2    1    0.000253    0.000000
    0   -2   -1    1    2    0.000100   -0.000000
    0   -2   -1    2    2   -0.000493    0.000000
    0   -2    0    1    1   -0.019708    0.000000
    0   -2    0    2    1    0.035399   -0.000000
    0   -2    0    1    2    0.035399    0.000000
    0   -2    0    2    2   -0.056635   -0.000000
    0   -2    1    1    1   -0.000279    0.000000
    0   -2    1    2    1    0.000100    0.000000
    0   -2    1    1    2    0.000253   -0.000000
    0   -2    1    2    2   -0.000493   -0.000000
    0   -2    2    1    1    0.000056   -0.000000
    0   -2    2    2    1    0.000014   -0.000000
    0   -2    2    1    2    0.000014    0.000000
    0   -2    2    2    2    0.000031   -0.000000
    0   -1   -2    1    1   -0.000042    0.000000
    0   -1   -2    2    1    0.000017    0.000000
    0   -1   -2    1    2    0.000017   -0.000000
    0   -1   -2    2    2   -0.000036    0.000000
    0   -1   -1    1    1    0.001440   -0.000000
    0   -1   -1    2    1   -0.001063    0.000000
    0   -1   -1    1    2   -0.001196   -0.000000
    0   -1   -1    2    2    0.000765    0.000000
    0   -1    0    1    1   -0.182705    0.000000
    0   -1    0    2    1    0.277301   -0.000000
    0   -1    0    1    2    0.277301    0.000000
    0   -1    0    2    2   -0.390357    0.000000
    0   -1    1    1    1    0.001440    0.000000
    0   -1    1    2    1   -0.001196    0.000000
    0   -1    1    1    2   -0.001063   -0.000000
    0   -1    1    2    2    0.000765   -0.000000
    0   -1    2    1    1   -0.000042    0.000000
    0   -1    2    2    1    0.000017    0.000000
    0   -1    2    1    2    0.000017   -0.000000
    0   -1    2    2    2   -0.000036    0.000000
    0    0   -2    1    1    0.000086    0.000000
    0    0   -2    2    1    0.000006   -0.000000
    0    0   -2    1    2    0.000006    0.000000
    0    0   -2    2    2    0.000038    0.000000
    0    0   -1    1    1   -0.002180   -0.000000
    0    0   -1    2    1    0.001629    0.000000
    0    0   -1    1    2    0.001389   -0.000000
    0    0   -1    2    2   -0.001487    0.000000
    0    0    0    1    1    8.803213    0.000000
    0    0    0    2    1   -1.311191   -0.000000
    0    0    0    1    2   -1.311191    0.000000
    0    0    0    2    2    8.733119   -0.000000
    0    0    1    1    1   -0.002180    0.000000
    0    0    1    2    1    0.001389    0.000000
    0    0    1    1    2    0.001629   -0.000000
    0    0    1    2    2   -0.001487   -0.000000
    0    0    2    1    1    0.000086   -0.000000
    0    0    2    2    1    0.000006   -0.000000
    0    0    2    1    2    0.000006    0.000000
    0    0    2    2    2    0.000038   -0.000000
    0    1   -2    1    1   -0.000042   -0.000000
    0    1   -2    2    1    0.000017    0.000000
    0    1   -2    1    2    0.000017   -0.000000
    0    1   -2    2    2   -0.000036   -0.000000
    0    1   -1    1    1    0.001440   -0.000000
    0    1   -1    2    1   -0.001063    0.000000
    0    1   -1    1    2   -0.001196   -0.000000
    0    1   -1    2    2    0.000765    0.000000
    0    1    0    1    1   -0.182705   -0.000000
    0    1    0    2    1    0.277301   -0.000000
    0    1    0    1    2    0.277301    0.000000
    0    1    0    2    2   -0.390357   -0.000000
    0    1    1    1    1    0.001440    0.000000
    0    1    1    2    1   -0.001196    0.000000
    0    1    1    1    2   -0.001063   -0.000000
    0    1    1    2    2    0.000765   -0.000000
    0    1    2    1    1   -0.000042   -0.000000
    0    1    2    2    1    0.000017    0.000000
    0    1    2    1    2    0.000017   -0.000000
    0    1    2    2    2   -0.000036   -0.000000
    0    2   -2    1    1    0.000056    0.000000
    0    2   -2    2    1    0.000014   -0.000000
    0    2   -2    1    2    0.000014    0.000000
    0    2   -2    2    2    0.000031    0.000000
    0    2   -1    1    1   -0.000279   -0.000000
    0    2   -1    2    1    0.000253    0.000000
    0    2   -1    1    2    0.000100   -0.000000
    0    2   -1    2    2   -0.000493    0.000000
    0    2    0    1    1   -0.019708   -0.000000
    0    2    0    2    1    0.035399   -0.000000
    0    2    0    1    2    0.035399    0.000000
    0    2    0    2    2   -0.056635    0.000000
    0    2    1    1    1   -0.000279    0.000000
    0    2    1    2    1    0.000100    0.000000
    0    2    1    1    2    0.000253   -0.000000
    0    2    1    2    2   -0.000493   -0.000000
    0    2    2    1    1    0.000056    0.000000
    0    2    2    2    1    0.000014   -0.000000
    0    2    2    1    2    0.000014    0.000000
    0    2    2    2    2    0.000031    0.000000
    0    3   -2    1    1   -0.000018    0.000000
    0    3   -2    2    1    0.000005   -0.000000
    0    3   -2    1    2    0.000005    0.000000
    0    3   -2    2    2   -0.000011   -0.000000
    0    3   -1    1    1    0.000007   -0.000000
    0    3   -1    2    1   -0.000065    0.000000
    0    3   -1    1    2   -0.000166   -0.000000
    0    3   -1    2    2   -0.000004    0.000000
    0    3    0    1    1   -0.002985   -0.000000
    0    3    0    2    1    0.006848   -0.000000
    0    3    0    1    2    0.006848    0.000000
    0    3    0    2    2   -0.013130    0.000000
    0    3    1    1    1    0.000007    0.000000
    0    3    1    2    1   -0.000166    0.000000
    0    3    1    1    2   -0.000065   -0.000000
    0    3    1    2    2   -0.000004   -0.000000
    0    3    2    1    1   -0.000018    0.000000
    0    3    2    2    1    0.000005   -0.000000
    0    3    2    1    2    0.000005    0.000000
    0    3    2    2    2   -0.000011   -0.000000
    0    4   -2    1    1    0.000015    0.000000
    0    4   -2    2    1    0.000016   -0.000000
    0    4   -2    1    2    0.000016    0.000000
    0    4   -2    2    2    0.000030   -0.000000
    0    4   -1    1    1   -0.000046   -0.000000
    0    4   -1    2    1   -0.000013    0.000000
    0    4   -1    1    2   -0.000119   -0.000000
    0    4   -1    2    2   -0.000150    0.000000
    0    4    0    1    1   -0.001309   -0.000000
    0    4    0    2    1    0.003914   -0.000000
    0    4    0    1    2    0.003914    0.000000
    0    4    0    2    2   -0.007430   -0.000000
    0    4    1    1    1   -0.000046    0.000000
    0    4    1    2    1   -0.000119    0.000000
    0    4    1    1    2   -0.000013   -0.000000
    0    4    1    2    2   -0.000150   -0.000000
    0    4    2    1    1    0.000015    0.000000
    0    4    2    2    1    0.000016   -0.000000
    0    4    2    1    2    0.000016    0.000000
    0    4    2    2    2    0.000030   -0.000000
    1   -4   -2    1    1    0.000012    0.000000
    1   -4   -2    2    1    0.000015   -0.000000
    1   -4   -2    1    2    0.000015    0.000000
    1   -4   -2    2    2    0.000011    0.000000
    1   -4   -1    1    1   -0.000049   -0.000000
    1   -4   -1    2    1   -0.000034   -0.000000
    1   -4   -1    1    2   -0.000078   -0.000000
    1   -4   -1    2    2   -0.000068    0.000000
    1   -4    0    1    1   -0.000147   -0.000000
    1   -4    0    2    1    0.000570   -0.000000
    1   -4    0    1    2    0.000570    0.000000
    1   -4    0    2    2   -0.000475    0.000000
    1   -4    1    1    1   -0.000049    0.000000
    1   -4    1    2    1   -0.000078    0.000000
    1   -4    1    1    2   -0.000034    0.000000
    1   -4    1    2    2   -0.000068   -0.000000
    1   -4    2    1    1    0.000012    0.000000
    1   -4    2    2    1    0.000015   -0.000000
    1   -4    2    1    2    0.000015    0.000000
    1   -4    2    2    2    0.000011    0.000000
    1   -3   -2    1    1    0.000001   -0.000000
    1   -3   -2    2    1    0.000004   -0.000000
    1   -3   -2    1    2    0.000004    0.000000
    1   -3   -2    2    2    0.000030    0.000000
    1   -3   -1    1    1   -0.000043   -0.000000
    1   -3   -1    2    1   -0.000013    0.000000
    1   -3   -1    1    2   -0.000044   -0.000000
    1   -3   -1    2    2   -0.000116    0.000000
    1   -3    0    1    1   -0.000638    0.000000
    1   -3    0    2    1    0.000864   -0.000000
    1   -3    0    1    2    0.000864    0.000000
    1   -3    0    2    2   -0.000400    0.000000
    1   -3    1    1    1   -0.000043    0.000000
    1   -3    1    2    1   -0.000044    0.000000
    1   -3    1    1    2   -0.000013   -0.000000
    1   -3    1    2    2   -0.000116   -0.000000
    1   -3    2    1    1    0.000001   -0.000000
    1   -3    2    2    1    0.000004   -0.000000
    1   -3    2    1    2    0.000004    0.000000
    1   -3    2    2    2    0.000030    0.000000
    1   -2   -2    1    1    0.000010   -0.000000
    1   -2   -2    2    1    0.000027   -0.000000
    1   -2   -2    1    2    0.000027    0.000000
    1   -2   -2    2    2    0.000009    0.000000
    1   -2   -1    1    1    0.000039   -0.000000
    1   -2   -1    2    1   -0.000172    0.000000
    1   -2   -1    1    2   -0.000284   -0.000000
    1   -2   -1    2    2    0.000038    0.000000
    1   -2    0    1    1   -0.002782    0.000000
    1   -2    0    2    1    0.002276   -0.000000
    1   -2    0    1    2    0.002276    0.000000
    1   -2    0    2    2    0.000975   -0.000000
    1   -2    1    1    1    0.000039    0.000000
    1   -2    1    2    1   -0.000284    0.000000
    1   -2    1    1    2   -0.000172   -0.000000
    1   -2    1    2    2    0.000038   -0.000000
    1   -2    2    1    1    0.000010   -0.000000
    1   -2    2    2    1    0.000027   -0.000000
    1   -2    2    1    2    0.000027    0.000000
    1   -2    2    2    2    0.000009    0.000000
    1   -1   -2    1    1    0.000012    0.000000
    1   -1   -2    2    1   -0.000006   -0.000000
    1   -1   -2    1    2   -0.000006    0.000000
    1   -1   -2    2    2    0.000040   -0.000000
    1   -1   -1    1    1   -0.000607   -0.000000
    1   -1   -1    2    1    0.000495    0.000000
    1   -1   -1    1    2    0.000278   -0.000000
    1   -1   -1    2    2   -0.000584    0.000000
    1   -1    0    1    1   -0.014828    0.000000
    1   -1    0    2    1    0.010953   -0.000000
    1   -1    0    1    2    0.010953    0.000000
    1   -1    0    2    2    0.009407    0.000000
    1   -1    1    1    1   -0.000607    0.000000
    1   -1    1    2    1    0.000278    0.000000
    1   -1    1    1    2    0.000495   -0.000000
    1   -1    1    2    2   -0.000584   -0.000000
    1   -1    2    1    1    0.000012    0.000000
    1   -1    2    2    1   -0.000006   -0.000000
    1   -1    2    1    2   -0.000006    0.000000
    1   -1    2    2    2    0.000040   -0.000000
    1    0   -2    1    1    0.000010   -0.000000
    1    0   -2    2    1    0.000042   -0.000000
    1    0   -2    1    2    0.000042    0.000000
    1    0   -2    2    2   -0.000004   -0.000000
    1    0   -1    1    1    0.001005   -0.000000
    1    0   -1    2    1   -0.000694    0.000000
    1    0   -1    1    2   -0.000872   -0.000000
    1    0   -1    2    2    0.000309    0.000000
    1    0    0    1    1   -0.084884   -0.000000
    1    0    0    2    1   -0.075325   -0.000000
    1    0    0    1    2   -0.075325    0.000000
    1    0    0    2    2   -0.040488   -0.000000
    1    0    1    1    1    0.001005    0.000000
    1    0    1    2    1   -0.000872    0.000000
    1    0    1    1    2   -0.000694   -0.000000
    1    0    1    2    2    0.000309   -0.000000
    1    0    2    1    1    0.000010   -0.000000
    1    0    2    2    1    0.000042   -0.000000
    1    0    2    1    2    0.000042    0.000000
    1    0    2    2    2   -0.000004   -0.000000
    1    1   -2    1    1    0.000012    0.000000
    1    1   -2    2    1   -0.000006   -0.000000
    1    1   -2    1    2   -0.000006    0.000000
    1    1   -2    2    2    0.000040   -0.000000
    1    1   -1    1    1   -0.000607   -0.000000
    1    1   -1    2    1    0.000495    0.000000
    1    1   -1    1    2    0.000278   -0.000000
    1    1   -1    2    2   -0.000584    0.000000
    1    1    0    1    1   -0.014828   -0.000000
    1    1    0    2    1    0.010953   -0.000000
    1    1    0    1    2    0.010953    0.000000
    1    1    0    2    2    0.009407    0.000000
    1    1    1    1    1   -0.000607    0.000000
    1    1    1    2    1    0.000278    0.000000
    1    1    1    1    2    0.000495   -0.000000
    1    1    1    2    2   -0.000584   -0.000000
    1    1    2    1    1    0.000012    0.000000
    1    1    2    2    1   -0.000006   -0.000000
    1    1    2    1    2   -0.000006    0.000000
    1    1    2    2    2    0.000040   -0.000000
    1    2   -2    1    1    0.000010    0.000000
    1    2   -2    2    1    0.000027   -0.000000
    1    2   -2    1    2    0.000027    0.000000
    1    2   -2    2    2    0.000009   -0.000000
    1    2   -1    1    1    0.000039   -0.000000
    1    2   -1    2    1   -0.000172    0.000000
    1    2   -1    1    2   -0.000284   -0.000000
    1    2   -1    2    2    0.000038    0.000000
    1    2    0    1    1   -0.002782   -0.000000
    1    2    0    2    1    0.002276   -0.000000
    1    2    0    1    2    0.002276    0.000000
    1    2    0    2    2    0.000975   -0.000000
    1    2    1    1    1    0.000039    0.000000
    1    2    1    2    1   -0.000284    0.000000
    1    2    1    1    2   -0.000172   -0.000000
    1    2    1    2    2    0.000038   -0.000000
    1    2    2    1    1    0.000010    0.000000
    1    2    2    2    1    0.000027   -0.000000
    1    2    2    1    2    0.000027    0.000000
    1    2    2    2    2    0.000009   -0.000000
    1    3   -2    1    1    0.000001   -0.000000
    1    3   -2    2    1    0.000004   -0.000000
    1    3   -2    1    2    0.000004    0.000000
    1    3   -2    2    2    0.000030    0.000000
    1    3   -1    1    1   -0.000043   -0.000000
    1    3   -1    2    1   -0.000013    0.000000
    1    3   -1    1    2   -0.000044   -0.000000
    1    3   -1    2    2   -0.000116    0.000000
    1    3    0    1    1   -0.000638    0.000000
    1    3    0    2    1    0.000864   -0.000000
    1    3    0    1    2    0.000864    0.000000
    1    3    0    2    2   -0.000400   -0.000000
    1    3    1    1    1   -0.000043    0.000000
    1    3    1    2    1   -0.000044    0.000000
    1    3    1    1    2   -0.000013   -0.000000
    1    3    1    2    2   -0.000116   -0.000000
    1    3    2    1    1    0.000001   -0.000000
    1    3    2    2    1    0.000004   -0.000000
    1    3    2    1    2    0.000004    0.000000
    1    3    2    2    2    0.000030    0.000000
    1    4   -2    1    1    0.000012    0.000000
    1    4   -2    2    1    0.000015   -0.000000
    1    4   -2    1    2    0.000015    0.000000
    1    4   -2    2    2    0.000011    0.000000
    1    4   -1    1    1   -0.000049   -0.000000
    1    4   -1    2    1   -0.000034   -0.000000
    1    4   -1    1    2   -0.000078   -0.000000
    1    4   -1    2    2   -0.000068    0.000000
    1    4    0    1    1   -0.000147   -0.000000
    1    4    0    2    1    0.000570   -0.000000
    1    4    0    1    2    0.000570    0.000000
    1    4    0    2    2   -0.000475    0.000000
    1    4    1    1    1   -0.000049    0.000000
    1    4    1    2    1   -0.000078    0.000000
    1    4    1    1    2   -0.000034    0.000000
    1    4    1    2    2   -0.000068   -0.000000
    1    4    2    1    1    0.000012    0.000000
    1    4    2    2    1    0.000015   -0.000000
    1    4    2    1    2    0.000015    0.000000
    1    4    2    2    2    0.000011    0.000000
    2   -4   -2    1    1   -0.000001    0.000000
    2   -4   -2    2    1   -0.000001    0.000000
    2   -4   -2    1    2   -0.000001   -0.000000
    2   -4   -2    2    2    0.000009   -0.000000
    2   -4   -1    1    1    0.000008    0.000000
    2   -4   -1    2    1   -0.000008   -0.000000
    2   -4   -1    1    2    0.000011    0.000000
    2   -4   -1    2    2   -0.000025   -0.000000
    2   -4    0    1    1    0.000018    0.000000
    2   -4    0    2    1   -0.000029    0.000000
    2   -4    0    1    2   -0.000029   -0.000000
    2   -4    0    2    2   -0.000168   -0.000000
    2   -4    1    1    1    0.000008   -0.000000
    2   -4    1    2    1    0.000011   -0.000000
    2   -4    1    1    2   -0.000008    0.000000
    2   -4    1    2    2   -0.000025    0.000000
    2   -4    2    1    1   -0.000001    0.000000
    2   -4    2    2    1   -0.000001    0.000000
    2   -4    2    1    2   -0.000001   -0.000000
    2   -4    2    2    2    0.000009   -0.000000
    2   -3   -2    1    1    0.000016   -0.000000
    2   -3   -2    2    1    0.000021   -0.000000
    2   -3   -2    1    2    0.000021    0.000000
    2   -3   -2    2    2    0.000022    0.000000
    2   -3   -1    1    1   -0.000044   -0.000000
    2   -3   -1    2    1   -0.000046   -0.000000
    2   -3   -1    1    2   -0.000025    0.000000
    2   -3   -1    2    2   -0.000016    0.000000
    2   -3    0    1    1    0.000006   -0.000000
    2   -3    0    2    1   -0.000058    0.000000
    2   -3    0    1    2   -0.000058   -0.000000
    2   -3    0    2    2   -0.000076    0.000000
    2   -3    1    1    1   -0.000044    0.000000
    2   -3    1    2    1   -0.000025   -0.000000
    2   -3    1    1    2   -0.000046    0.000000
    2   -3    1    2    2   -0.000016   -0.000000
    2   -3    2    1    1    0.000016   -0.000000
    2   -3    2    2    1    0.000021   -0.000000
    2   -3    2    1    2    0.000021    0.000000
    2   -3    2    2    2    0.000022    0.000000
    2   -2   -2    1    1   -0.000004   -0.000000
    2   -2   -2    2    1   -0.000005   -0.000000
    2   -2   -2    1    2   -0.000005    0.000000
    2   -2   -2    2    2    0.000010    0.000000
    2   -2   -1    1    1    0.000012   -0.000000
    2   -2   -1    2    1   -0.000001   -0.000000
    2   -2   -1    1    2    0.000042    0.000000
    2   -2   -1    2    2    0.000028    0.000000
    2   -2    0    1    1   -0.000740    0.000000
    2   -2    0    2    1   -0.000249    0.000000
    2   -2    0    1    2   -0.000249   -0.000000
    2   -2    0    2    2   -0.000127   -0.000000
    2   -2    1    1    1    0.000012    0.000000
    2   -2    1    2    1    0.000042   -0.000000
    2   -2    1    1    2   -0.000001    0.000000
    2   -2    1    2    2    0.000028   -0.000000
    2   -2    2    1    1   -0.000004   -0.000000
    2   -2    2    2    1   -0.000005   -0.000000
    2   -2    2    1    2   -0.000005    0.000000
    2   -2    2    2    2    0.000010    0.000000
    2   -1   -2    1    1    0.000022    0.000000
    2   -1   -2    2    1    0.000036   -0.000000
    2   -1   -2    1    2    0.000036    0.000000
    2   -1   -2    2    2    0.000030   -0.000000
    2   -1   -1    1    1   -0.000146   -0.000000
    2   -1   -1    2    1   -0.000099   -0.000000
    2   -1   -1    1    2   -0.000131    0.000000
    2   -1   -1    2    2   -0.000102    0.000000
    2   -1    0    1    1   -0.001355   -0.000000
    2   -1    0    2    1   -0.002020    0.000000
    2   -1    0    1    2   -0.002020   -0.000000
    2   -1    0    2    2   -0.002429   -0.000000
    2   -1    1    1    1   -0.000146    0.000000
    2   -1    1    2    1   -0.000131   -0.000000
    2   -1    1    1    2   -0.000099    0.000000
    2   -1    1    2    2   -0.000102   -0.000000
    2   -1    2    1    1    0.000022    0.000000
    2   -1    2    2    1    0.000036   -0.000000
    2   -1    2    1    2    0.000036    0.000000
    2   -1    2    2    2    0.000030   -0.000000
    2    0   -2    1    1   -0.000024   -0.000000
    2    0   -2    2    1   -0.000015   -0.000000
    2    0   -2    1    2   -0.000015    0.000000
    2    0   -2    2    2    0.000013    0.000000
    2    0   -1    1    1    0.000075    0.000000
    2    0   -1    2    1    0.000080   -0.000000
    2    0   -1    1    2    0.000044    0.000000
    2    0   -1    2    2   -0.000118   -0.000000
    2    0    0    1    1    0.001376    0.000000
    2    0    0    2    1    0.002605    0.000000
    2    0    0    1    2    0.002605   -0.000000
    2    0    0    2    2    0.001771   -0.000000
    2    0    1    1    1    0.000075   -0.000000
    2    0    1    2    1    0.000044   -0.000000
    2    0    1    1    2    0.000080    0.000000
    2    0    1    2    2   -0.000118    0.000000
    2    0    2    1    1   -0.000024   -0.000000
    2    0    2    2    1   -0.000015   -0.000000
    2    0    2    1    2   -0.000015    0.000000
    2    0    2    2    2    0.000013    0.000000
    2    1   -2    1    1    0.000022   -0.000000
    2    1   -2    2    1    0.000036   -0.000000
    2    1   -2    1    2    0.000036    0.000000
    2    1   -2    2    2    0.000030    0.000000
    2    1   -1    1    1   -0.000146   -0.000000
    2    1   -1    2    1   -0.000099   -0.000000
    2    1   -1    1    2   -0.000131    0.000000
    2    1   -1    2    2   -0.000102    0.000000
    2    1    0    1    1   -0.001355    0.000000
    2    1    0    2    1   -0.002020    0.000000
    2    1    0    1    2   -0.002020   -0.000000
    2    1    0    2    2   -0.002429    0.000000
    2    1    1    1    1   -0.000146    0.000000
    2    1    1    2    1   -0.000131   -0.000000
    2    1    1    1    2   -0.000099    0.000000
    2    1    1    2    2   -0.000102   -0.000000
    2    1    2    1    1    0.000022   -0.000000
    2    1    2    2    1    0.000036   -0.000000
    2    1    2    1    2    0.000036    0.000000
    2    1    2    2    2    0.000030    0.000000
    2    2   -2    1    1   -0.000004    0.000000
    2    2   -2    2    1   -0.000005   -0.000000
    2    2   -2    1    2   -0.000005    0.000000
    2    2   -2    2    2    0.000010   -0.000000
    2    2   -1    1    1    0.000012   -0.000000
    2    2   -1    2    1   -0.000001   -0.000000
    2    2   -1    1    2    0.000042    0.000000
    2    2   -1    2    2    0.000028    0.000000
    2    2    0    1    1   -0.000740    0.000000
    2    2    0    2    1   -0.000249    0.000000
    2    2    0    1    2   -0.000249   -0.000000
    2    2    0    2    2   -0.000127   -0.000000
    2    2    1    1    1    0.000012    0.000000
    2    2    1    2    1    0.000042   -0.000000
    2    2    1    1    2   -0.000001    0.000000
    2    2    1    2    2    0.000028   -0.000000
    2    2    2    1    1   -0.000004    0.000000
    2    2    2    2    1   -0.000005   -0.000000
    2    2    2    1    2   -0.000005    0.000000
    2    2    2    2    2    0.000010   -0.000000
    2    3   -2    1    1    0.000016   -0.000000
    2    3   -2    2    1    0.000021   -0.000000
    2    3   -2    1    2    0.000021    0.000000
    2    3   -2    2    2    0.000022    0.000000
    2    3   -1    1    1   -0.000044   -0.000000
    2    3   -1    2    1   -0.000046   -0.000000
    2    3   -1    1    2   -0.000025    0.000000
    2    3   -1    2    2   -0.000016    0.000000
    2    3    0    1    1    0.000006   -0.000000
    2    3    0    2    1   -0.000058    0.000000
    2    3    0    1    2   -0.000058   -0.000000
    2    3    0    2    2   -0.000076    0.000000
    2    3    1    1    1   -0.000044    0.000000
    2    3    1    2    1   -0.000025   -0.000000
    2    3    1    1    2   -0.000046    0.000000
    2    3    1    2    2   -0.000016   -0.000000
    2    3    2    1    1    0.000016   -0.000000
    2    3    2    2    1    0.000021   -0.000000
    2    3    2    1    2    0.000021    0.000000
    2    3    2    2    2    0.000022    0.000000
    2    4   -2    1    1   -0.000001    0.000000
    2    4   -2    2    1   -0.000001    0.000000
    2    4   -2    1    2   -0.000001   -0.000000
    2    4   -2    2    2    0.000009   -0.000000
    2    4   -1    1    1    0.000008    0.000000
    2    4   -1    2    1   -0.000008   -0.000000
    2    4   -1    1    2    0.000011    0.000000
    2    4   -1    2    2   -0.000025   -0.000000
    2    4    0    1    1    0.000018    0.000000
    2    4    0    2    1   -0.000029    0.000000
    2    4    0    1    2   -0.000029   -0.000000
    2    4    0    2    2   -0.000168   -0.000000
    2    4    1    1    1    0.000008   -0.000000
    2    4    1    2    1    0.000011   -0.000000
    2    4    1    1    2   -0.000008    0.000000
    2    4    1    2    2   -0.000025    0.000000
    2    4    2    1    1   -0.000001    0.000000
    2    4    2    2    1   -0.000001    0.000000
    2    4    2    1    2   -0.000001   -0.000000
    2    4    2    2    2    0.000009   -0.000000
    3   -4   -2    1    1   -0.000007    0.000000
    3   -4   -2    2    1   -0.000009   -0.000001
    3   -4   -2    1    2   -0.000009    0.000001
    3   -4   -2    2    2   -0.000010   -0.000000
    3   -4   -1    1    1    0.000030    0.000000
    3   -4   -1    2    1    0.000009   -0.000000
    3   -4   -1    1    2    0.000034    0.000000
    3   -4   -1    2    2    0.000028   -0.000000
    3   -4    0    1    1   -0.000055   -0.000000
    3   -4    0    2    1   -0.000009    0.000000
    3   -4    0    1    2   -0.000009   -0.000000
    3   -4    0    2    2    0.000095    0.000000
    3   -4    1    1    1    0.000030   -0.000000
    3   -4    1    2    1    0.000034   -0.000000
    3   -4    1    1    2    0.000009    0.000000
    3   -4    1    2    2    0.000028    0.000000
    3   -4    2    1    1   -0.000007    0.000000
    3   -4    2    2    1   -0.000009   -0.000001
    3   -4    2    1    2   -0.000009    0.000001
    3   -4    2    2    2   -0.000010   -0.000000
    3   -3   -2    1    1   -0.000010   -0.000000
    3   -3   -2    2    1   -0.000004    0.000000
    3   -3   -2    1    2   -0.000004   -0.000000
    3   -3   -2    2    2    0.000006    0.000000
    3   -3   -1    1    1    0.000009    0.000000
    3   -3   -1    2    1    0.000010    0.000000
    3   -3   -1    1    2    0.000041   -0.000000
    3   -3   -1    2    2    0.000030   -0.000000
    3   -3    0    1    1   -0.000013    0.000000
    3   -3    0    2    1   -0.000047    0.000000
    3   -3    0    1    2   -0.000047   -0.000000
    3   -3    0    2    2   -0.000127   -0.000000
    3   -3    1    1    1    0.000009   -0.000000
    3   -3    1    2    1    0.000041    0.000000
    3   -3    1    1    2    0.000010   -0.000000
    3   -3    1    2    2    0.000030    0.000000
    3   -3    2    1    1   -0.000010   -0.000000
    3   -3    2    2    1   -0.000004    0.000000
    3   -3    2    1    2   -0.000004   -0.000000
    3   -3    2    2    2    0.000006    0.000000
    3   -2   -2    1    1   -0.000016    0.000000
    3   -2   -2    2    1   -0.000010    0.000000
    3   -2   -2    1    2   -0.000010   -0.000000
    3   -2   -2    2    2   -0.000009   -0.000000
    3   -2   -1    1    1    0.000047    0.000000
    3   -2   -1    2    1    0.000021   -0.000000
    3   -2   -1    1    2    0.000063    0.000000
    3   -2   -1    2    2    0.000049   -0.000000
    3   -2    0    1    1   -0.000146    0.000000
    3   -2    0    2    1   -0.000121    0.000000
    3   -2    0    1    2   -0.000121   -0.000000
    3   -2    0    2    2   -0.000065   -0.000000
    3   -2    1    1    1    0.000047   -0.000000
    3   -2    1    2    1    0.000063   -0.000000
    3   -2    1    1    2    0.000021    0.000000
    3   -2    1    2    2    0.000049    0.000000
    3   -2    2    1    1   -0.000016    0.000000
    3   -2    2    2    1   -0.000010    0.000000
    3   -2    2    1    2   -0.000010   -0.000000
    3   -2    2    2    2   -0.000009   -0.000000
    3   -1   -2    1    1    0.000011    0.000000
    3   -1   -2    2    1   -0.000005    0.000000
    3   -1   -2    1    2   -0.000005   -0.000000
    3   -1   -2    2    2   -0.000015   -0.000000
    3   -1   -1    1    1   -0.000020    0.000000
    3   -1   -1    2    1    0.000016   -0.000000
    3   -1   -1    1    2    0.000028    0.000000
    3   -1   -1    2    2    0.000053   -0.000000
    3   -1    0    1    1   -0.000075   -0.000000
    3   -1    0    2    1   -0.000031    0.000000
    3   -1    0    1    2   -0.000031   -0.000000
    3   -1    0    2    2   -0.000035   -0.000000
    3   -1    1    1    1   -0.000020   -0.000000
    3   -1    1    2    1    0.000028   -0.000000
    3   -1    1    1    2    0.000016    0.000000
    3   -1    1    2    2    0.000053    0.000000
    3   -1    2    1    1    0.000011    0.000000
    3   -1    2    2    1   -0.000005    0.000000
    3   -1    2    1    2   -0.000005   -0.000000
    3   -1    2    2    2   -0.000015   -0.000000
    3    0   -2    1    1   -0.000029    0.000000
    3    0   -2    2    1   -0.000014    0.000000
    3    0   -2    1    2   -0.000014   -0.000000
    3    0   -2    2    2   -0.000009   -0.000000
    3    0   -1    1    1    0.000008    0.000000
    3    0   -1    2    1   -0.000005   -0.000000
    3    0   -1    1    2   -0.000051    0.000000
    3    0   -1    2    2   -0.000028   -0.000000
    3    0    0    1    1   -0.000326   -0.000000
    3    0    0    2    1   -0.000363    0.000000
    3    0    0    1    2   -0.000363   -0.000000
    3    0    0    2    2   -0.000448   -0.000000
    3    0    1    1    1    0.000008   -0.000000
    3    0    1    2    1   -0.000051   -0.000000
    3    0    1    1    2   -0.000005    0.000000
    3    0    1    2    2   -0.000028    0.000000
    3    0    2    1    1   -0.000029    0.000000
    3    0    2    2    1   -0.000014    0.000000
    3    0    2    1    2   -0.000014   -0.000000
    3    0    2    2    2   -0.000009   -0.000000
    3    1   -2    1    1    0.000011   -0.000000
    3    1   -2    2    1   -0.000005    0.000000
    3    1   -2    1    2   -0.000005   -0.000000
    3    1   -2    2    2   -0.000015    0.000000
    3    1   -1    1    1   -0.000020    0.000000
    3    1   -1    2    1    0.000016   -0.000000
    3    1   -1    1    2    0.000028    0.000000
    3    1   -1    2    2    0.000053   -0.000000
    3    1    0    1    1   -0.000075    0.000000
    3    1    0    2    1   -0.000031    0.000000
    3    1    0    1    2   -0.000031   -0.000000
    3    1    0    2    2   -0.000035    0.000000
    3    1    1    1    1   -0.000020   -0.000000
    3    1    1    2    1    0.000028   -0.000000
    3    1    1    1    2    0.000016    0.000000
    3    1    1    2    2    0.000053    0.000000
    3    1    2    1    1    0.000011   -0.000000
    3    1    2    2    1   -0.000005    0.000000
    3    1    2    1    2   -0.000005   -0.000000
    3    1    2    2    2   -0.000015    0.000000
    3    2   -2    1    1   -0.000016    0.000000
    3    2   -2    2    1   -0.000010    0.000000
    3    2   -2    1    2   -0.000010   -0.000000
    3    2   -2    2    2   -0.000009   -0.000000
    3    2   -1    1    1    0.000047    0.000000
    3    2   -1    2    1    0.000021   -0.000000
    3    2   -1    1    2    0.000063    0.000000
    3    2   -1    2    2    0.000049   -0.000000
    3    2    0    1    1   -0.000146   -0.000000
    3    2    0    2    1   -0.000121    0.000000
    3    2    0    1    2   -0.000121   -0.000000
    3    2    0    2    2   -0.000065    0.000000
    3    2    1    1    1    0.000047   -0.000000
    3    2    1    2    1    0.000063   -0.000000
    3    2    1    1    2    0.000021    0.000000
    3    2    1    2    2    0.000049    0.000000
    3    2    2    1    1   -0.000016    0.000000
    3    2    2    2    1   -0.000010    0.000000
    3    2    2    1    2   -0.000010   -0.000000
    3    2    2    2    2   -0.000009   -0.000000
    3    3   -2    1    1   -0.000010   -0.000000
    3    3   -2    2    1   -0.000004    0.000000
    3    3   -2    1    2   -0.000004   -0.000000
    3    3   -2    2    2    0.000006    0.000000
    3    3   -1    1    1    0.000009    0.000000
    3    3   -1    2    1    0.000010    0.000000
    3    3   -1    1    2    0.000041   -0.000000
    3    3   -1    2    2    0.000030   -0.000000
    3    3    0    1    1   -0.000013    0.000000
    3    3    0    2    1   -0.000047    0.000000
    3    3    0    1    2   -0.000047   -0.000000
    3    3    0    2    2   -0.000127   -0.000000
    3    3    1    1    1    0.000009   -0.000000
    3    3    1    2    1    0.000041    0.000000
    3    3    1    1    2    0.000010   -0.000000
    3    3    1    2    2    0.000030    0.000000
    3    3    2    1    1   -0.000010   -0.000000
    3    3    2    2    1   -0.000004    0.000000
    3    3    2    1    2   -0.000004   -0.000000
    3    3    2    2    2    0.000006    0.000000
    3    4   -2    1    1   -0.000007    0.000000
    3    4   -2    2    1   -0.000009   -0.000001
    3    4   -2    1    2   -0.000009    0.000001
    3    4   -2    2    2   -0.000010   -0.000000
    3    4   -1    1    1    0.000030    0.000000
    3    4   -1    2    1    0.000009   -0.000000
    3    4   -1    1    2    0.000034    0.000000
    3    4   -1    2    2    0.000028   -0.000000
    3    4    0    1    1   -0.000055   -0.000000
    3    4    0    2    1   -0.000009    0.000000
    3    4    0    1    2   -0.000009   -0.000000
    3    4    0    2    2    0.000095    0.000000
    3    4    1    1    1    0.000030   -0.000000
    3    4    1    2    1    0.000034   -0.000000
    3    4    1    1    2    0.000009    0.000000
    3    4    1    2    2    0.000028    0.000000
    3    4    2    1    1   -0.000007    0.000000
    3    4    2    2    1   -0.000009   -0.000001
    3    4    2    1    2   -0.000009    0.000001
    3    4    2    2    2   -0.000010   -0.000000
    4   -4   -2    1    1   -0.000008   -0.000000
    4   -4   -2    2    1   -0.000007   -0.000013
    4   -4   -2    1    2   -0.000007    0.000013
    4   -4   -2    2    2   -0.000012    0.000000
    4   -4   -1    1    1    0.000025   -0.000000
    4   -4   -1    2    1    0.000004    0.000000
    4   -4   -1    1    2    0.000037   -0.000000
    4   -4   -1    2    2    0.000016    0.000000
    4   -4    0    1    1    0.000026    0.000000
    4   -4    0    2    1   -0.000026   -0.000000
    4   -4    0    1    2   -0.000026    0.000000
    4   -4    0    2    2   -0.000117   -0.000000
    4   -4    1    1    1    0.000025    0.000000
    4   -4    1    2    1    0.000037    0.000000
    4   -4    1    1    2    0.000004   -0.000000
    4   -4    1    2    2    0.000016   -0.000000
    4   -4    2    1    1   -0.000008   -0.000000
    4   -4    2    2    1   -0.000007   -0.000013
    4   -4    2    1    2   -0.000007    0.000013
    4   -4    2    2    2   -0.000012    0.000000
    4   -3   -2    1    1   -0.000023    0.000000
    4   -3   -2    2    1   -0.000018    0.000002
    4   -3   -2    1    2   -0.000018   -0.000002
    4   -3   -2    2    2   -0.000020    0.000000
    4   -3   -1    1    1    0.000066    0.000000
    4   -3   -1    2    1    0.000042   -0.000000
    4   -3   -1    1    2    0.000067    0.000000
    4   -3   -1    2    2    0.000060   -0.000000
    4   -3    0    1    1   -0.000096    0.000000
    4   -3    0    2    1   -0.000020    0.000000
    4   -3    0    1    2   -0.000020   -0.000000
    4   -3    0    2    2    0.000097   -0.000000
    4   -3    1    1    1    0.000066   -0.000000
    4   -3    1    2    1    0.000067   -0.000000
    4   -3    1    1    2    0.000042    0.000000
    4   -3    1    2    2    0.000060    0.000000
    4   -3    2    1    1   -0.000023    0.000000
    4   -3    2    2    1   -0.000018    0.000002
    4   -3    2    1    2   -0.000018   -0.000002
    4   -3    2    2    2   -0.000020    0.000000
    4   -2   -2    1    1   -0.000005    0.000000
    4   -2   -2    2    1   -0.000007    0.000000
    4   -2   -2    1    2   -0.000007   -0.000000
    4   -2   -2    2    2   -0.000011   -0.000000
    4   -2   -1    1    1    0.000000    0.000000
    4   -2   -1    2    1    0.000016   -0.000000
    4   -2   -1    1    2    0.000040   -0.000000
    4   -2   -1    2    2    0.000040   -0.000000
    4   -2    0    1    1   -0.000048   -0.000000
    4   -2    0    2    1   -0.000042    0.000000
    4   -2    0    1    2   -0.000042   -0.000000
    4   -2    0    2    2   -0.000104    0.000000
    4   -2    1    1    1    0.000000   -0.000000
    4   -2    1    2    1    0.000040    0.000000
    4   -2    1    1    2    0.000016    0.000000
    4   -2    1    2    2    0.000040    0.000000
    4   -2    2    1    1   -0.000005    0.000000
    4   -2    2    2    1   -0.000007    0.000000
    4   -2    2    1    2   -0.000007   -0.000000
    4   -2    2    2    2   -0.000011   -0.000000
    4   -1   -2    1    1   -0.000034   -0.000000
    4   -1   -2    2    1   -0.000032    0.000000
    4   -1   -2    1    2   -0.000032   -0.000000
    4   -1   -2    2    2   -0.000032    0.000000
    4   -1   -1    1    1    0.000066    0.000000
    4   -1   -1    2    1    0.000070   -0.000000
    4   -1   -1    1    2    0.000070    0.000000
    4   -1   -1    2    2    0.000082   -0.000000
    4   -1    0    1    1   -0.000141    0.000000
    4   -1    0    2    1   -0.000097    0.000000
    4   -1    0    1    2   -0.000097   -0.000000
    4   -1    0    2    2    0.000020   -0.000000
    4   -1    1    1    1    0.000066   -0.000000
    4   -1    1    2    1    0.000070   -0.000000
    4   -1    1    1    2    0.000070    0.000000
    4   -1    1    2    2    0.000082    0.000000
    4   -1    2    1    1   -0.000034   -0.000000
    4   -1    2    2    1   -0.000032    0.000000
    4   -1    2    1    2   -0.000032   -0.000000
    4   -1    2    2    2   -0.000032    0.000000
    4    0   -2    1    1    0.000009   -0.000000
    4    0   -2    2    1   -0.000005    0.000000
    4    0   -2    1    2   -0.000005   -0.000000
    4    0   -2    2    2   -0.000012    0.000000
    4    0   -1    1    1   -0.000058    0.000000
    4    0   -1    2    1   -0.000022   -0.000000
    4    0   -1    1    2   -0.000005    0.000000
    4    0   -1    2    2    0.000000   -0.000000
    4    0    0    1    1    0.000059   -0.000000
    4    0    0    2    1   -0.000025    0.000000
    4    0    0    1    2   -0.000025   -0.000000
    4    0    0    2    2   -0.000162   -0.000000
    4    0    1    1    1   -0.000058   -0.000000
    4    0    1    2    1   -0.000005   -0.000000
    4    0    1    1    2   -0.000022    0.000000
    4    0    1    2    2    0.000000    0.000000
    4    0    2    1    1    0.000009   -0.000000
    4    0    2    2    1   -0.000005    0.000000
    4    0    2    1    2   -0.000005   -0.000000
    4    0    2    2    2   -0.000012    0.000000
    4    1   -2    1    1   -0.000034    0.000000
    4    1   -2    2    1   -0.000032    0.000000
    4    1   -2    1    2   -0.000032   -0.000000
    4    1   -2    2    2   -0.000032   -0.000000
    4    1   -1    1    1    0.000066    0.000000
    4    1   -1    2    1    0.000070   -0.000000
    4    1   -1    1    2    0.000070    0.000000
    4    1   -1    2    2    0.000082   -0.000000
    4    1    0    1    1   -0.000141   -0.000000
    4    1    0    2    1   -0.000097    0.000000
    4    1    0    1    2   -0.000097   -0.000000
    4    1    0    2    2    0.000020    0.000000
    4    1    1    1    1    0.000066   -0.000000
    4    1    1    2    1    0.000070   -0.000000
    4    1    1    1    2    0.000070    0.000000
    4    1    1    2    2    0.000082    0.000000
    4    1    2    1    1   -0.000034    0.000000
    4    1    2    2    1   -0.000032    0.000000
    4    1    2    1    2   -0.000032   -0.000000
    4    1    2    2    2   -0.000032   -0.000000
    4    2   -2    1    1   -0.000005   -0.000000
    4    2   -2    2    1   -0.000007    0.000000
    4    2   -2    1    2   -0.000007   -0.000000
    4    2   -2    2    2   -0.000011    0.000000
    4    2   -1    1    1    0.000000    0.000000
    4    2   -1    2    1    0.000016   -0.000000
    4    2   -1    1    2    0.000040   -0.000000
    4    2   -1    2    2    0.000040   -0.000000
    4    2    0    1    1   -0.000048    0.000000
    4    2    0    2    1   -0.000042    0.000000
    4    2    0    1    2   -0.000042   -0.000000
    4    2    0    2    2   -0.000104   -0.000000
    4    2    1    1    1    0.000000   -0.000000
    4    2    1    2    1    0.000040    0.000000
    4    2    1    1    2    0.000016    0.000000
    4    2    1    2    2    0.000040    0.000000
    4    2    2    1    1   -0.000005   -0.000000
    4    2    2    2    1   -0.000007    0.000000
    4    2    2    1    2   -0.000007   -0.000000
    4    2    2    2    2   -0.000011    0.000000
    4    3   -2    1    1   -0.000023   -0.000000
    4    3   -2    2    1   -0.000018    0.000002
    4    3   -2    1    2   -0.000018   -0.000002
    4    3   -2    2    2   -0.000020   -0.000000
    4    3   -1    1    1    0.000066    0.000000
    4    3   -1    2    1    0.000042   -0.000000
    4    3   -1    1    2    0.000067    0.000000
    4    3   -1    2    2    0.000060   -0.000000
    4    3    0    1    1   -0.000096   -0.000000
    4    3    0    2    1   -0.000020    0.000000
    4    3    0    1    2   -0.000020   -0.000000
    4    3    0    2    2    0.000097    0.000000
    4    3    1    1    1    0.000066   -0.000000
    4    3    1    2    1    0.000067   -0.000000
    4    3    1    1    2    0.000042    0.000000
    4    3    1    2    2    0.000060    0.000000
    4    3    2    1    1   -0.000023   -0.000000
    4    3    2    2    1   -0.000018    0.000002
    4    3    2    1    2   -0.000018   -0.000002
    4    3    2    2    2   -0.000020   -0.000000
    4    4   -2    1    1   -0.000008   -0.000000
    4    4   -2    2    1   -0.000007   -0.000013
    4    4   -2    1    2   -0.000007    0.000013
    4    4   -2    2    2   -0.000012    0.000000
    4    4   -1    1    1    0.000025   -0.000000
    4    4   -1    2    1    0.000004    0.000000
    4    4   -1    1    2    0.000037   -0.000000
    4    4   -1    2    2    0.000016    0.000000
    4    4    0    1    1    0.000026    0.000000
    4    4    0    2    1   -0.000026   -0.000000
    4    4    0    1    2   -0.000026    0.000000
    4    4    0    2    2   -0.000117   -0.000000
    4    4    1    1    1    0.000025    0.000000
    4    4    1    2    1    0.000037    0.000000
    4    4    1    1    2    0.000004   -0.000000
    4    4    1    2    2    0.000016   -0.000000
    4    4    2    1    1   -0.000008   -0.000000
    4    4    2    2    1   -0.000007   -0.000013
    4    4    2    1    2   -0.000007    0.000013
    4    4    2    2    2   -0.000012    0.000000
